80.31 95.68 28.71 77.29 78.78 54.63
98.38 82.21 49.69 77.21 38.17 72.56
87.3 85.26 71.54 78.76 89.37 37.15
43.85 67.37 18.28 32.51 34.9 11.05
89.82 45.73 31.58 93.92 23.18 87.96
30.04 39.58 96.56 24.2 16.31 95.94
99.14 61.39 9.62 3.93 52.33 84.86
57.78 54.12 80.48 95.1 82.94 9.5
6.93 18.4 85.01 21.07 11.63 27.34
78.32 89.51 27.33 72.16 34.24 3.29
78.97 10.33 74.72 60.4 5.85 69.1
56.96 85.99 26.76 64.36 10.58 72.46
89.22 1.07 24.41 37.15 84.48 28.29
82.46 4.56 10.05 70.79 40.48 19.97
82.24 33.29 38.25 25.01 43.78 62.9
94.78 12.0 46.5 16.93 2.87 76.95
44.54 74.16 57.93 20.01 79.67 83.23
18.97 15.48 44.66 80.29 6.69 9.83
86.12 13.85 59.56 65.39 30.9 45.21
78.25 58.7 26.63 16.66 63.02 64.25
66.53 7.46 31.26 52.13 8.54 77.89
73.12 17.79 57.9 74.89 43.9 34.97
5.37 58.08 15.07 92.11 26.49 44.98
38.42 2.66 58.35 5.8 21.05 84.98
4.26 35.05 97.14 15.33 55.23 38.25
51.26 54.77 11.65 65.31 67.12 40.79
26.17 93.46 26.26 56.81 95.71 5.39
15.64 29.89 27.03 3.76 27.18 41.23
81.22 39.72 46.8 34.79 74.08 14.61
46.94 66.52 31.69 99.27 70.87 35.75
39.69 65.28 85.86 20.63 50.68 23.66
75.3 64.68 38.33 13.54 17.55 35.72
65.34 27.22 22.79 37.15 67.5 93.7
48.19 80.18 26.33 41.62 63.15 99.97
73.49 19.38 46.8 61.46 20.01 87.58
14.36 58.53 28.09 30.74 38.18 16.62
12.18 6.96 97.19 33.46 2.88 14.63
30.66 88.57 15.99 84.37 84.79 73.48
32.23 2.24 82.53 2.51 33.86 47.03
78.1 76.9 78.23 1.1 43.66 25.17
70.64 84.74 32.58 92.65 17.99 96.08
61.84 48.62 87.96 58.71 19.69 61.63
19.9 39.79 56.09 48.86 29.76 16.93
60.3 19.2 99.08 63.98 66.37 67.95
9.33 93.75 26.08 82.23 14.75 44.97
77.48 19.61 39.9 21.77 83.75 40.61
61.36 77.36 56.27 79.91 45.16 98.13
40.3 44.51 10.79 41.71 51.01 1.15
84.08 93.09 35.71 57.91 13.07 26.23
28.13 41.13 7.19 78.76 67.6 57.79
76.63 78.41 50.43 25.58 58.58 96.87
23.82 18.04 9.54 38.5 2.99 86.81
97.45 55.08 77.82 74.03 6.43 70.34
35.96 67.84 36.54 46.22 29.68 7.82
51.06 42.57 47.01 2.93 12.64 41.77
79.53 4.22 94.79 18.64 88.26 61.94
33.57 86.39 32.92 57.99 19.63 6.6
73.08 1.37 56.43 87.96 52.07 93.66
37.03 23.01 61.26 12.9 91.57 80.01
6.58 97.62 48.93 84.13 55.82 56.28
91.19 7.47 99.37 46.34 6.7 93.24
55.18 7.01 99.61 27.51 52.1 28.21
82.44 53.38 63.55 24.05 31.5 73.61
84.76 47.09 72.77 12.74 55.11 40.61
9.37 42.39 26.85 22.38 62.4 73.32
80.61 77.79 19.42 45.79 26.05 88.77
33.29 58.52 30.84 11.69 97.19 65.99
94.25 98.21 37.16 84.92 48.79 30.49
11.45 27.37 60.46 32.31 50.35 84.73
9.29 19.96 37.68 94.09 12.54 40.71
87.9 72.62 9.99 48.14 98.12 20.67
26.25 68.62 65.18 61.78 40.74 69.54
54.17 33.15 10.52 38.83 95.54 26.14
50.15 15.31 47.96 27.12 13.58 61.26
11.73 56.29 47.57 96.98 28.36 68.67
51.4 63.16 31.87 84.25 46.74 27.1
32.48 2.15 39.64 82.5 40.0 90.92
14.18 86.58 68.43 55.89 62.26 77.29
56.53 70.35 27.99 0.01 63.98 97.82
84.68 50.55 41.46 9.71 11.35 38.77
13.85 90.09 56.59 81.56 5.08 7.89
81.31 13.81 44.55 32.95 33.83 4.5
49.25 61.13 39.65 94.4 28.31 4.16
17.64 72.17 27.3 26.79 92.21 21.42
73.97 73.14 5.91 41.18 52.37 27.03
93.11 96.97 40.32 50.95 64.43 94.85
10.06 80.15 98.34 5.03 87.83 37.92
19.8 93.14 64.21 3.74 38.32 19.62
39.89 15.35 57.51 43.98 56.07 47.35
67.58 5.37 32.19 89.04 50.46 83.48
83.45 28.96 6.74 64.43 64.44 96.01
75.82 18.48 82.18 11.07 82.87 84.75
39.37 70.57 93.45 61.7 93.51 18.41
65.74 27.34 65.35 44.82 49.89 78.16
89.58 27.11 6.81 72.3 36.92 87.0
55.11 82.3 80.23 0.8 13.11 48.89
70.4 24.62 81.34 9.18 93.95 63.95
45.37 97.52 27.18 22.06 48.1 13.16
41.73 16.26 47.79 49.87 82.0 41.67
93.78 59.93 59.42 86.57 21.58 7.64
88.46 5.4 91.55 90.94 8.13 81.88
1.73 23.96 60.23 97.89 3.4 40.93
33.76 95.22 59.48 82.16 0.45 10.77
54.29 86.08 98.49 39.21 55.96 92.3
92.04 86.36 38.22 87.0 40.29 45.83
54.31 91.03 34.2 76.82 51.48 66.26
24.17 42.03 45.55 53.14 57.15 54.99
79.87 14.72 93.1 41.04 13.87 8.14
41.0 28.04 22.72 0.43 19.95 45.64
76.67 62.5 0.41 31.7 50.86 55.11
57.55 59.76 41.15 67.09 2.7 88.77
61.33 60.02 75.97 86.21 1.58 2.98
89.21 41.71 66.72 67.23 9.68 28.77
80.62 28.12 72.12 90.71 33.8 26.91
46.85 75.31 0.66 85.88 95.45 26.42
16.31 82.07 15.77 21.29 2.03 11.51
9.97 58.15 80.55 99.64 38.56 87.13
35.77 91.85 25.33 92.3 17.74 49.38
40.58 43.57 35.59 55.86 75.36 12.26
77.24 37.43 7.57 69.76 20.55 7.4
20.6 65.77 71.41 77.8 33.72 77.94
72.89 57.02 41.9 77.99 70.21 18.05
30.19 90.49 65.15 47.57 90.55 96.2
16.78 76.26 40.72 84.17 83.19 30.7
95.51 15.24 9.34 66.46 72.53 29.08
23.25 21.68 59.82 81.03 73.06 62.03
10.09 98.71 65.05 93.53 1.64 8.12
72.81 12.01 42.62 47.46 11.09 21.54
39.16 79.32 4.95 70.44 1.66 52.82
79.3 14.91 7.61 6.54 22.58 81.79
51.79 42.67 41.94 59.45 32.55 85.4
52.71 56.14 44.92 80.56 19.91 51.79
67.83 71.71 61.84 77.64 62.27 78.91
64.85 25.32 74.29 45.3 75.32 18.55
60.67 69.18 94.43 28.69 96.19 51.97
32.29 17.17 49.72 60.32 52.65 23.06
21.72 52.96 90.62 74.28 77.35 37.45
34.86 53.65 68.53 20.05 95.61 95.14
65.38 24.35 40.46 79.18 10.83 10.81
27.11 65.54 59.79 43.66 54.13 63.33
10.58 69.15 33.15 52.05 19.03 84.89
41.71 60.05 77.45 23.85 42.46 75.63
67.27 57.25 88.45 74.31 57.1 3.82
77.42 30.81 87.2 61.63 4.7 37.33
70.33 47.48 39.96 66.11 28.8 37.75
72.27 36.45 8.77 84.58 33.13 47.76
77.58 80.88 64.81 57.74 99.93 57.29
84.44 72.32 39.58 15.7 72.76 20.51
88.48 7.18 21.72 54.3 32.36 9.32
59.33 24.2 34.17 2.42 1.53 88.5
69.23 87.34 56.66 80.9 99.06 96.31
97.39 93.27 39.54 3.84 75.55 45.35
85.08 22.77 85.88 64.57 94.1 79.66
48.87 40.42 47.57 86.1 91.79 75.27
89.84 24.84 23.0 27.87 81.9 64.58
71.31 79.31 73.77 36.98 10.61 89.89
42.4 70.76 47.26 64.85 31.76 55.15
30.84 64.18 22.64 64.92 58.59 25.34
6.95 14.12 76.91 67.46 97.86 3.03
33.93 78.44 3.54 96.25 20.28 73.31
86.9 11.91 98.06 82.06 80.71 46.14
70.5 4.28 42.92 97.12 38.56 38.87
1.61 11.03 55.3 73.57 14.17 57.89
54.57 36.8 66.98 77.58 21.93 87.45
72.31 22.67 12.57 65.98 2.23 77.27
66.3 96.24 43.56 36.34 14.18 65.73
31.44 62.33 58.17 77.48 54.54 2.13
41.75 75.65 19.34 14.11 77.86 2.04
20.0 23.86 59.63 42.89 49.48 54.25
49.65 81.8 64.68 57.96 17.04 88.16
19.96 9.11 32.83 24.41 83.17 90.03
94.93 44.9 68.58 56.89 64.38 68.73
29.4 8.87 15.38 75.21 54.57 16.4
41.85 62.39 15.2 54.4 68.5 28.8
24.98 57.7 36.26 99.23 25.42 52.19
57.66 25.15 8.39 87.84 79.51 25.96
44.39 46.42 24.67 16.37 46.72 10.03
83.25 16.37 82.6 0.63 71.79 8.32
48.67 48.86 87.79 81.93 32.81 27.23
10.86 81.7 88.91 84.57 2.14 77.46
59.16 57.41 96.7 4.79 25.69 13.89
43.22 71.58 10.22 6.83 60.83 22.01
11.5 63.94 56.51 65.51 15.27 84.11
86.1 54.14 86.63 46.62 81.25 43.7
98.07 65.24 81.03 99.06 50.39 42.5
53.46 98.68 41.39 25.39 81.22 53.0
47.7 56.05 70.86 21.46 10.8 17.45
9.63 28.67 14.56 82.07 71.19 50.7
85.56 43.24 38.9 4.67 12.94 54.51
37.38 74.41 29.23 16.22 23.91 18.08
3.42 39.39 49.6 89.39 79.05 90.73
49.4 11.86 1.61 22.82 45.32 37.0
35.51 24.98 73.42 85.14 82.63 89.77
28.18 21.21 45.37 70.49 40.18 14.68
79.32 79.43 35.4 37.77 2.32 37.85
53.05 88.78 40.36 53.43 37.88 98.51
92.63 99.81 76.92 3.05 38.57 78.54
85.44 81.46 99.96 21.89 68.47 8.69
13.98 5.81 98.09 42.71 68.31 51.31
8.89 89.75 10.67 10.73 69.81 69.84
72.86 68.81 21.31 12.12 65.2 90.3
31.21 88.54 55.74 5.41 13.24 99.24
60.25 19.47 87.81 94.72 41.87 27.73
76.78 61.19 1.16 44.85 24.38 70.33
4.92 78.22 54.38 60.5 96.58 66.86
0.23 90.86 64.36 81.17 75.74 71.61
14.73 95.54 18.66 25.08 14.06 65.76
1.91 75.7 31.65 80.94 13.54 25.05
34.86 19.14 39.55 8.98 63.39 4.97
33.12 84.47 55.6 32.81 21.08 54.87
79.73 21.62 13.84 14.56 52.35 17.48
98.36 70.45 62.2 33.18 66.98 12.83
53.13 81.35 20.02 5.45 30.66 98.93
44.23 18.79 76.78 23.41 40.92 45.22
59.94 85.64 93.01 82.22 25.38 11.49
38.47 75.42 82.95 83.9 77.79 86.15
13.23 29.53 12.66 77.72 78.47 40.87
16.97 86.85 54.54 51.7 65.67 9.66
49.68 34.35 82.02 44.82 11.84 71.69
72.34 42.95 65.89 31.09 47.1 72.73
95.82 83.6 95.29 69.4 6.74 56.67
55.59 16.52 92.75 47.32 15.08 95.15
16.03 73.74 49.16 29.14 87.47 94.83
59.28 49.02 74.16 24.36 93.82 85.85
47.73 75.32 69.13 75.24 62.53 10.92
15.84 47.43 65.73 31.56 48.31 78.67
60.94 51.33 12.32 33.59 80.8 63.42
22.21 88.13 71.51 32.34 46.09 33.75
73.08 87.0 9.9 67.44 55.78 52.54
48.74 60.57 73.25 71.67 11.91 54.74
62.47 54.56 79.89 56.41 54.89 59.81
5.9 88.71 60.09 77.2 51.77 27.73
13.69 25.71 24.31 35.58 35.48 52.18
6.58 40.46 69.43 80.61 12.88 99.18
53.46 54.61 66.84 50.76 75.4 98.82
89.8 4.93 77.95 74.26 0.37 22.18
58.62 55.89 17.96 18.41 31.77 50.27
58.3 70.72 31.22 91.23 1.61 78.0
90.31 54.61 24.86 72.29 95.61 85.33
16.16 97.76 67.67 71.15 83.37 10.56
20.99 87.27 51.19 41.48 81.59 68.36
90.68 48.62 66.43 83.75 40.62 38.94
57.93 92.58 94.29 71.37 66.57 39.53
69.65 60.88 61.81 51.08 84.79 7.47
52.65 84.03 75.97 60.06 78.37 8.04
93.5 81.19 68.23 90.99 33.95 45.93
76.35 30.97 49.94 22.69 26.43 44.45
11.25 67.91 3.69 36.97 8.47 90.51
20.91 88.65 70.24 75.75 14.42 77.4
43.42 63.3 48.15 60.3 16.93 96.78
8.96 2.27 77.42 63.9 43.98 80.78
66.09 32.14 77.11 79.08 31.48 95.66
1.77 78.24 31.57 19.33 66.48 49.97
48.82 2.48 62.09 37.51 61.81 33.86
76.24 37.09 91.23 59.47 77.31 98.74
59.43 32.36 17.79 25.12 68.07 48.26
7.02 67.45 90.49 94.32 7.34 1.72
75.58 96.23 58.81 91.23 83.12 41.58
83.77 69.37 23.24 39.64 9.76 53.44
84.58 93.02 85.17 50.48 41.45 1.19
68.64 18.93 71.94 53.54 89.85 4.63
68.88 35.96 85.27 89.95 46.42 33.38
14.84 72.22 29.08 61.8 63.04 51.55
30.77 19.38 33.98 65.09 76.13 82.13
71.45 22.26 8.88 57.14 31.51 83.79
71.71 2.12 21.66 29.23 93.37 71.07
64.85 55.98 35.97 23.57 63.13 47.38
70.88 74.07 45.8 11.77 95.1 95.81
89.43 94.54 72.96 24.81 38.14 50.88
57.19 72.82 24.76 24.77 49.02 10.28
65.57 45.32 89.17 34.56 29.01 74.9
89.06 62.75 26.26 85.6 60.28 26.94
79.82 72.1 23.76 95.54 61.7 52.57
86.56 0.44 16.48 25.74 29.87 93.52
52.94 77.51 36.5 0.86 73.52 13.71
35.13 68.45 80.37 48.82 54.88 86.97
34.54 85.04 45.16 16.29 92.51 35.38
1.61 91.32 13.11 75.32 57.74 96.69
80.0 11.12 7.62 34.07 83.24 25.91
95.66 91.49 99.04 77.49 17.94 70.45
70.82 70.59 29.13 81.18 50.24 11.69
58.48 95.82 98.56 71.46 10.61 2.34
65.65 32.67 4.39 0.61 96.72 21.12
73.08 36.45 66.14 90.35 50.1 96.12
80.44 60.03 14.23 68.34 82.22 87.95
4.88 57.78 91.75 92.22 3.0 84.46
24.88 18.84 80.83 17.55 82.04 7.27
33.91 74.58 83.24 69.11 26.78 17.03
62.88 85.93 12.2 38.22 0.34 2.76
98.49 32.45 24.16 92.6 87.14 15.16
20.49 13.78 86.45 9.13 36.12 56.71
36.05 36.3 57.43 97.71 6.36 53.8
41.57 36.74 39.77 17.53 46.33 80.34
92.56 46.62 61.77 37.95 78.65 31.17
76.38 99.14 19.31 86.85 28.83 12.35
52.78 97.95 59.57 72.37 27.72 46.28
12.5 75.19 48.11 90.54 87.07 18.67
69.83 62.67 25.99 52.52 42.29 12.75
49.97 18.62 20.73 35.19 2.97 39.79
48.52 48.33 45.97 36.94 5.11 61.19
20.08 36.37 24.45 55.42 34.49 19.18
16.41 17.42 29.02 14.69 57.31 35.8
81.66 11.26 77.72 37.12 32.7 33.48
11.62 24.48 41.04 10.87 91.23 77.04
49.83 76.75 90.58 10.25 65.94 12.97
33.33 18.72 36.29 23.62 94.53 20.19
68.95 1.23 1.78 69.87 58.77 49.99
70.41 36.05 0.74 73.79 35.75 3.39
25.84 59.7 31.2 55.79 47.46 64.19
72.08 37.48 63.8 51.61 64.66 40.21
62.03 96.57 69.47 55.0 33.45 86.11
44.31 84.66 54.23 83.25 35.42 56.81
54.69 22.03 43.7 29.02 50.97 25.19
74.11 91.85 51.91 41.95 9.87 82.85
48.6 79.96 30.58 58.2 41.14 21.4
4.37 66.38 61.87 61.33 27.09 60.37
58.7 19.31 43.98 77.57 63.79 15.7
88.08 92.94 66.19 13.33 65.01 14.56
92.49 45.3 39.66 65.73 78.57 41.69
52.51 7.09 41.28 29.41 95.9 18.38
20.17 34.23 23.24 70.2 24.87 58.49
82.15 14.19 45.82 64.56 11.23 17.12
52.53 28.66 54.94 6.92 1.56 96.01
30.25 28.61 77.86 65.17 28.23 89.3
76.9 20.08 74.01 81.51 43.57 39.27
82.53 32.58 98.39 36.93 18.56 75.11
13.43 8.29 74.43 44.9 57.95 98.54
41.49 90.84 60.53 36.38 64.33 8.42
53.05 9.03 17.2 73.98 45.03 95.43
76.63 16.56 18.07 57.95 59.05 8.25
70.43 39.86 48.78 52.14 66.79 40.69
39.57 34.33 37.1 83.69 35.37 38.08
63.6 77.76 36.11 0.82 98.53 96.3
94.83 79.22 53.54 52.97 89.14 2.59
29.27 84.37 19.69 64.93 75.43 86.71
96.02 71.7 5.2 52.58 79.38 58.91
89.05 97.53 33.41 93.84 39.64 48.57
68.17 58.29 65.39 20.16 72.99 69.54
96.65 23.65 61.94 65.02 92.61 36.76
10.82 87.98 16.63 54.35 42.27 71.51
31.79 95.87 63.87 0.28 43.66 42.73
62.77 49.83 30.83 56.62 97.32 86.46
38.84 13.9 21.81 88.27 11.34 60.24
75.9 54.0 21.14 79.17 60.83 12.18
99.25 24.17 90.95 27.52 95.2 98.22
14.13 27.29 20.59 31.37 33.51 14.12
14.35 30.87 94.95 86.13 86.94 58.85
46.35 12.62 13.81 81.54 56.68 10.33
88.99 97.04 5.63 84.65 31.23 85.16
47.54 51.21 60.25 44.56 28.11 3.01
55.43 76.38 61.6 26.83 61.71 59.25
86.21 84.0 71.23 53.27 22.02 17.12
94.37 67.71 49.41 28.42 85.82 98.85
46.04 40.2 33.7 73.38 34.29 68.46
49.34 3.68 38.29 9.82 36.62 22.12
73.7 89.86 31.14 16.16 43.17 89.97
91.42 86.46 96.92 17.13 56.13 76.31
37.1 92.24 33.95 29.91 97.77 23.23
33.14 57.85 82.02 73.11 51.12 54.58
27.61 81.58 63.28 3.51 6.72 5.48
25.83 29.68 51.67 75.03 77.25 54.57
87.46 0.88 2.45 98.59 49.29 50.63
7.7 46.98 45.56 27.97 49.1 24.16
80.39 74.44 8.88 57.39 83.65 71.84
56.75 14.07 58.45 4.19 57.9 33.84
99.91 70.42 28.59 48.17 18.95 19.12
50.01 96.72 55.39 19.12 83.6 60.09
78.61 58.88 18.21 30.76 36.79 34.12
70.21 82.76 52.08 32.83 44.56 54.11
70.73 95.3 61.2 77.2 67.9 9.96
44.65 81.58 78.69 56.44 80.77 45.14
91.92 58.78 96.07 68.01 56.32 8.91
13.13 49.87 13.63 41.39 42.8 50.92
73.84 70.08 59.19 34.37 97.49 40.7
82.15 31.12 23.17 65.22 45.8 10.87
94.73 38.63 4.5 28.98 48.67 55.02
42.91 87.11 24.2 39.46 98.92 71.74
25.81 18.07 80.24 33.6 27.71 45.03
67.04 36.72 24.48 10.0 20.23 35.43
20.05 27.77 62.75 40.62 62.43 98.06
85.8 2.45 91.65 33.55 56.24 60.38
44.87 85.15 45.36 62.23 44.91 25.59
86.13 17.95 59.69 68.82 87.44 24.03
92.76 76.53 50.7 77.14 80.93 78.41
24.35 67.88 60.15 77.69 19.26 27.55
67.66 6.05 74.52 80.15 34.92 32.58
3.28 39.35 95.04 29.06 27.59 76.85
6.3 20.24 66.44 58.0 28.31 17.01
80.79 81.07 70.36 57.05 0.28 79.44
92.57 19.84 56.71 72.35 83.06 28.04
74.47 41.26 77.24 24.55 93.78 31.92
41.72 83.55 40.46 55.75 43.78 30.2
47.48 14.27 25.9 61.2 31.74 8.5
41.97 42.58 98.93 34.97 86.17 70.13
79.56 60.77 73.28 82.74 58.91 46.11
65.57 84.34 2.12 54.07 74.11 72.6
91.06 38.63 91.06 59.59 72.16 24.75
9.3 45.51 93.28 48.2 55.44 94.72
81.74 89.1 39.53 43.24 54.9 69.96
22.33 2.25 18.49 95.38 12.8 20.48
54.65 14.28 59.09 45.52 90.28 95.32
90.82 26.85 12.34 37.72 39.11 32.3
81.28 68.33 68.91 45.7 46.16 91.55
96.41 31.44 0.27 80.16 41.82 36.54
22.38 74.31 62.64 77.37 33.43 7.36
50.25 52.16 46.18 16.85 22.18 66.96
51.35 84.77 40.1 28.83 49.27 99.16
18.36 60.39 47.16 58.62 19.92 51.07
27.48 76.74 54.07 37.44 1.18 85.73
63.49 1.1 2.0 92.42 22.56 22.51
35.45 86.23 34.17 52.98 45.32 15.44
71.39 6.9 12.23 0.54 46.45 50.98
87.64 50.33 0.19 55.35 24.42 15.31
81.89 52.25 92.33 35.55 82.65 12.76
78.72 33.15 27.35 89.75 68.05 14.27
56.87 82.95 31.6 26.54 58.3 85.53
81.4 4.92 59.75 43.77 87.44 79.18
69.16 32.73 5.69 44.97 64.6 48.18
73.53 62.7 87.15 80.76 35.5 58.39
57.46 89.49 2.46 10.62 45.33 2.9
79.32 81.51 5.03 5.53 1.96 41.18
32.71 0.08 98.27 92.07 60.55 32.6
7.92 9.87 98.71 49.78 57.32 12.19
95.28 44.82 81.37 75.59 79.32 5.55
49.33 74.95 90.76 92.06 78.13 76.1
61.65 43.33 98.08 82.53 30.76 31.8
23.74 27.8 59.86 58.53 62.08 36.8
67.23 93.39 64.24 17.52 54.26 24.82
41.31 26.17 4.87 34.29 37.0 70.55
23.03 1.58 44.16 22.85 73.65 70.96
71.79 99.02 23.1 18.63 97.96 56.39
76.23 53.27 34.68 13.12 29.32 32.65
39.45 0.87 63.97 42.57 86.3 47.56
93.08 41.18 45.07 27.64 90.16 49.31
94.9 88.06 13.85 22.12 12.98 10.5
10.49 6.29 96.86 64.1 63.98 66.55
57.31 68.28 39.23 97.99 96.7 88.88
92.95 6.09 18.4 35.9 29.82 66.42
67.57 21.52 83.92 90.63 95.22 70.19
5.01 40.7 54.93 54.65 28.43 69.14
37.38 38.0 48.17 2.64 74.29 26.34
63.46 36.38 0.98 60.94 2.12 18.49
7.94 79.93 17.53 46.05 64.39 49.95
42.41 17.23 14.25 22.93 99.36 55.09
15.66 2.08 16.77 83.99 76.31 30.47
41.87 37.76 45.85 16.18 81.43 93.55
3.78 9.24 42.6 2.74 60.44 96.92
37.69 54.62 66.38 46.28 28.19 40.3
72.29 46.64 61.5 42.16 64.14 56.03
25.94 6.98 50.35 1.92 27.19 37.24
23.95 33.11 90.44 79.26 15.93 85.36
1.98 84.49 66.43 46.37 47.3 45.67
71.05 29.13 94.68 0.54 95.68 76.57
84.74 41.45 9.6 87.14 52.12 31.18
45.66 99.26 97.56 14.92 37.66 43.16
64.06 40.43 15.06 38.84 79.45 47.87
26.07 65.61 51.02 30.0 23.66 53.89
87.56 54.87 45.14 34.28 14.35 96.79
15.14 28.6 14.68 8.81 56.59 73.0
15.34 37.71 52.42 18.59 14.18 78.78
7.9 51.52 49.22 19.19 61.86 40.31
48.11 30.62 77.35 88.83 8.82 62.67
21.29 75.01 87.33 48.16 58.78 66.34
37.18 93.24 84.85 17.27 9.09 79.32
69.64 92.17 42.87 94.23 39.91 19.79
65.85 66.47 85.96 48.09 78.67 80.68
47.88 23.83 95.47 86.13 46.85 36.94
62.92 70.71 71.39 25.18 76.5 75.5
75.11 12.39 24.7 49.39 33.04 64.48
12.11 69.82 34.52 82.94 28.22 75.8
12.66 58.75 96.13 3.23 62.23 27.48
31.16 20.32 29.18 63.97 3.84 82.23
86.54 45.99 79.79 62.82 13.7 40.23
43.24 21.71 62.98 25.68 4.37 58.45
50.91 34.79 88.15 66.25 41.67 0.13
99.11 63.26 62.71 80.3 22.43 5.93
13.5 30.06 26.39 60.22 99.38 94.08
1.31 74.77 54.47 15.35 19.86 35.63
77.4 87.26 9.14 84.71 41.05 10.04
9.95 52.62 41.82 81.35 34.1 16.15
60.37 32.33 52.68 9.24 52.43 38.91
88.95 45.21 16.33 75.84 52.25 65.13
70.49 8.47 44.0 80.8 97.19 18.1
42.02 81.79 87.09 62.41 52.29 81.15
20.33 62.94 3.84 25.84 1.73 53.66
18.65 50.19 75.33 3.51 91.43 30.52
34.54 46.46 60.52 54.35 67.76 46.61
55.69 42.13 14.6 8.38 62.04 50.12
77.92 47.89 81.3 73.04 14.65 24.51
70.88 44.06 47.12 61.46 17.67 6.55
6.53 90.22 71.49 3.15 99.21 69.09
54.35 82.42 28.75 77.06 52.45 66.92
35.78 31.44 30.32 5.42 3.05 54.07
77.35 89.61 65.61 14.79 51.64 27.31
70.09 89.78 93.15 63.7 69.87 88.07
24.3 66.92 44.78 61.08 97.45 79.02
49.08 18.13 63.14 30.93 72.41 35.51
63.96 77.95 13.49 96.05 95.71 10.32
65.48 96.56 56.35 37.57 68.17 70.97
65.84 59.25 43.16 86.77 51.87 37.19
63.08 64.88 27.78 33.5 15.13 58.84
87.7 73.41 42.7 65.55 73.87 80.71
9.54 33.17 14.56 59.34 56.21 66.04
10.51 42.96 75.52 54.28 21.16 92.04
97.31 88.0 56.8 47.77 74.19 96.07
83.03 22.2 79.91 72.94 48.38 41.0
30.14 79.37 45.92 85.49 53.31 5.32
41.6 75.3 10.07 31.38 23.27 56.64
23.4 16.29 54.42 57.45 74.81 72.24
94.68 35.71 42.93 41.12 0.81 57.64
18.03 8.85 75.99 45.27 39.18 23.7
18.56 28.21 10.07 93.16 69.07 73.65
94.94 21.07 45.22 81.49 32.13 61.04
24.52 62.25 25.96 12.23 82.14 62.76
48.33 86.75 47.09 72.65 34.75 2.22
42.15 26.85 99.06 94.49 65.11 98.0
52.52 12.55 15.67 34.37 58.98 96.85
57.95 83.18 81.88 18.91 11.83 54.6
20.51 63.56 76.2 75.24 83.12 29.22
60.65 76.29 1.48 32.04 84.68 67.39
39.03 23.23 65.31 36.4 58.45 87.21
23.23 11.17 30.12 6.42 7.03 83.87
7.84 91.06 26.67 59.09 78.08 41.39
70.75 67.35 81.26 21.88 13.46 88.99
89.42 97.44 20.15 99.44 25.95 28.18
11.84 53.97 67.23 44.53 72.63 41.61
77.36 62.7 13.22 69.97 98.57 53.84
22.57 2.23 30.5 6.71 57.05 59.1
33.81 10.66 86.88 63.97 64.99 53.25
84.46 66.58 18.96 70.72 30.44 29.31
68.52 37.85 71.64 5.21 74.29 7.6
24.47 5.26 81.4 21.52 1.93 85.99
85.91 88.73 54.64 49.46 88.74 76.32
70.11 77.83 85.01 14.59 66.97 72.79
33.41 10.33 89.77 52.57 84.22 15.87
0.9 12.85 27.57 39.33 91.33 50.91
74.89 66.97 18.72 41.38 46.09 7.63
60.55 53.88 75.99 44.32 1.11 61.36
97.11 97.44 95.8 45.31 23.4 25.31
94.56 56.64 19.71 16.63 72.82 99.72
50.03 32.26 26.12 72.36 9.99 56.41
95.08 75.39 88.77 97.2 78.4 42.36
23.49 41.74 91.5 21.6 88.9 34.19
95.99 41.4 62.71 67.42 66.11 21.57
79.48 89.4 67.33 33.1 25.13 70.42
78.15 53.53 35.03 14.08 84.65 28.86
84.9 86.96 25.37 62.81 91.97 13.66
59.2 14.13 47.45 59.55 55.42 65.77
79.72 72.72 7.49 60.49 41.41 11.85
7.17 81.1 7.67 1.04 78.35 67.02
10.92 49.96 84.43 38.75 83.45 59.56
67.41 96.7 71.33 70.46 88.03 18.37
80.71 99.18 75.38 7.41 7.77 23.44
82.94 70.18 16.88 52.76 62.73 14.46
35.93 38.02 32.36 20.19 52.36 28.06
62.94 17.82 17.99 80.32 60.05 26.55
0.63 74.64 31.1 79.07 19.66 69.62
98.17 27.75 3.64 53.91 60.81 34.06
70.35 38.49 15.4 25.91 86.02 22.22
32.56 93.33 77.24 85.89 7.23 38.42
62.88 98.68 43.29 69.72 28.93 5.97
68.72 79.22 35.22 21.24 68.14 57.3
74.51 32.1 26.42 51.34 34.06 96.99
95.85 23.81 18.03 8.33 83.58 1.22
46.21 60.49 23.71 93.55 85.57 35.68
22.19 69.2 15.84 36.81 96.42 19.57
90.68 78.38 21.99 49.14 90.96 35.59
13.78 11.28 7.16 2.25 43.84 35.1
13.17 77.73 30.35 99.59 23.23 40.85
27.19 51.22 5.8 64.39 79.55 44.63
5.25 31.96 18.45 59.98 3.13 23.38
83.26 29.88 73.83 87.76 14.66 27.46
83.58 9.99 33.21 98.3 50.84 68.65
64.74 65.87 61.46 54.17 69.09 52.1
11.26 97.31 1.26 47.43 75.44 44.62
49.75 93.38 91.53 47.37 41.59 5.56
83.59 6.17 38.45 29.57 72.56 26.44
65.33 67.95 5.3 22.53 18.78 19.68
48.35 38.05 15.22 79.54 88.63 92.2
53.44 83.87 95.67 91.72 84.72 17.57
87.24 75.15 70.61 99.07 24.39 18.57
84.53 95.12 69.32 66.92 43.36 19.73
59.49 36.51 47.53 76.82 86.31 73.04
31.03 21.8 71.53 1.88 88.05 9.3
61.37 0.51 77.73 39.37 89.13 14.55
97.72 80.15 59.45 97.77 21.09 64.78
91.09 38.61 34.24 60.38 65.53 76.03
92.17 96.64 18.99 87.86 46.7 80.98
63.79 54.36 79.59 19.0 35.34 46.98
81.57 53.82 36.11 19.09 0.04 79.47
83.13 83.79 38.41 77.08 62.81 48.69
86.64 90.55 49.21 65.03 49.25 13.19
27.7 49.44 2.32 63.16 11.26 97.2
0.81 40.76 5.61 8.05 59.97 38.41
59.01 93.36 67.35 14.07 40.25 42.64
77.07 26.67 61.88 56.72 16.6 4.27
97.94 14.95 64.59 84.76 58.05 49.57
51.95 50.55 2.25 13.99 17.98 9.15
86.54 62.32 48.33 35.94 49.75 6.65
65.9 77.06 37.11 86.43 14.68 8.74
1.85 96.17 82.58 76.86 30.13 63.56
10.72 40.95 65.44 57.38 0.95 97.78
94.67 67.92 64.63 17.08 42.05 84.6
27.51 94.65 2.54 16.36 27.34 45.96
31.64 75.44 44.18 38.79 92.66 55.48
20.41 73.13 34.83 75.31 96.4 49.38
42.58 3.75 85.91 89.9 28.72 94.72
92.14 56.4 54.41 2.11 16.7 9.15
8.0 89.08 6.56 48.28 64.87 93.16
7.95 5.81 74.05 54.37 56.38 21.08
43.49 99.04 24.87 60.99 16.15 94.54
70.45 12.56 63.21 12.6 78.07 27.76
79.54 56.47 23.35 83.29 23.43 41.13
14.85 25.18 29.48 71.1 87.85 90.3
37.11 25.58 25.98 95.57 16.04 49.99
59.33 18.02 97.69 46.84 39.75 62.55
77.58 16.11 58.25 46.11 29.69 95.57
13.96 95.27 21.82 39.5 29.32 54.71
39.85 67.1 40.64 48.73 47.36 59.9
86.27 96.39 52.97 52.66 37.01 56.71
35.94 98.95 1.04 70.19 23.02 43.46
44.59 69.7 43.83 51.52 54.68 78.52
66.14 9.56 81.35 73.13 96.17 6.59
39.68 0.46 36.59 35.37 9.05 24.16
8.11 95.89 11.72 86.88 79.93 5.1
62.28 3.75 40.86 54.39 22.58 31.94
6.54 74.67 15.2 66.88 38.84 49.82
54.93 27.7 82.85 68.0 9.6 66.18
68.26 57.54 57.92 62.96 5.63 96.78
40.68 31.64 3.66 14.64 77.81 87.45
60.58 23.08 85.39 41.51 27.49 45.76
89.56 57.54 29.89 30.23 13.17 35.07
1.5 70.93 91.07 15.56 85.9 55.42
95.36 34.7 63.64 89.42 84.88 89.74
48.31 21.83 40.35 36.76 66.23 52.18
16.87 44.21 78.38 96.67 63.73 37.97
95.08 29.38 93.65 43.42 74.9 56.03
48.28 76.52 57.52 15.54 38.35 16.62
67.55 63.95 82.89 91.91 44.34 5.6
12.41 46.79 49.9 59.98 57.61 82.74
82.61 86.37 29.59 21.54 22.74 31.14
52.02 17.82 13.77 34.44 19.35 34.03
83.75 41.3 85.1 3.47 20.0 76.54
23.72 50.75 48.55 86.33 81.4 96.28
19.55 39.08 87.42 40.46 5.37 30.26
25.15 38.29 33.88 6.02 50.09 94.3
97.28 80.97 74.82 39.76 6.35 72.69
68.4 7.59 70.07 37.55 67.67 92.42
55.61 13.63 78.46 14.91 12.72 14.65
62.05 56.92 32.41 27.52 53.78 38.16
38.06 19.96 41.58 55.09 25.0 33.55
68.19 81.82 12.62 32.13 26.1 67.83
90.59 52.03 93.68 10.68 17.76 58.16
60.7 66.2 99.74 63.69 33.59 55.96
93.72 48.26 48.25 16.36 76.86 71.7
8.0 36.37 97.65 83.45 41.16 94.05
1.33 24.03 33.34 30.67 41.92 27.8
63.51 98.61 17.8 25.27 81.3 81.92
65.74 45.87 86.67 27.78 9.26 36.18
91.65 47.85 20.42 16.34 60.12 16.62
9.92 30.79 69.15 17.23 13.09 47.1
49.2 35.13 54.2 31.45 57.79 58.42
19.88 90.89 83.2 43.59 97.3 7.64
61.34 33.17 69.93 62.53 32.65 50.82
6.32 42.83 53.34 21.83 52.38 64.05
25.99 13.03 2.47 25.53 94.04 37.02
7.0 7.87 12.99 63.47 56.75 57.35
67.77 39.19 4.69 69.04 8.75 26.49
44.31 79.17 80.35 21.05 22.89 28.06
61.15 4.88 99.83 62.44 61.52 55.22
23.63 97.85 30.36 32.53 59.42 80.71
83.6 13.97 20.62 38.97 83.53 37.71
69.6 46.51 63.22 48.86 34.3 8.65
50.5 20.55 23.38 45.78 67.31 57.83
73.53 77.71 95.88 56.13 40.8 29.39
13.09 15.79 66.46 81.34 69.33 26.95
94.32 81.68 11.16 7.49 6.67 56.99
35.86 1.6 17.68 8.41 42.13 68.63
74.34 19.02 63.96 58.75 98.41 16.94
33.38 20.21 71.83 73.15 59.03 73.28
68.63 82.79 80.87 37.1 68.02 55.62
83.38 64.4 64.65 62.47 7.35 32.64
18.18 1.96 17.93 44.65 45.79 2.66
67.27 24.05 11.32 60.56 74.23 43.79
9.69 35.82 84.37 34.03 87.68 52.45
77.19 9.64 56.72 33.28 45.85 86.5
88.84 74.83 63.98 78.53 90.05 33.65
7.19 85.83 64.93 26.76 23.68 70.99
23.05 63.82 79.72 28.14 55.67 92.06
62.03 70.23 27.77 83.76 30.37 83.74
39.86 68.04 94.1 94.02 87.1 93.63
28.58 24.71 63.5 67.76 26.51 58.71
75.37 89.35 82.88 42.37 7.06 15.13
37.25 4.34 51.15 60.33 99.51 12.52
70.85 28.59 30.72 88.1 10.03 47.18
42.64 98.21 43.72 60.06 65.7 66.41
43.03 86.13 1.76 41.22 79.27 42.59
11.19 93.8 14.57 27.48 65.2 3.91
73.54 94.92 90.94 71.43 70.05 48.33
97.73 53.97 48.68 53.71 80.24 79.85
53.15 17.62 84.86 27.06 72.13 82.81
32.05 9.79 59.14 43.9 98.07 2.17
50.12 74.84 86.33 35.38 83.29 66.18
60.06 70.83 29.06 80.69 71.47 6.45
64.4 96.95 99.51 67.43 72.48 62.62
98.82 41.4 82.25 87.86 26.04 15.32
83.36 26.21 49.37 89.0 24.87 63.08
74.83 0.57 64.2 41.53 89.92 0.63
52.45 70.25 58.72 95.25 1.92 68.23
48.94 36.85 60.38 47.49 25.63 6.12
74.4 91.66 84.2 99.76 3.19 68.79
13.91 34.85 22.35 14.33 43.49 20.41
3.26 73.79 37.47 66.52 19.08 72.55
51.75 88.39 9.84 34.55 85.13 24.36
46.54 77.52 78.17 2.54 54.66 37.28
88.43 17.71 59.12 75.22 6.12 24.91
72.57 10.92 47.34 7.24 23.22 91.44
40.57 12.5 21.95 41.4 16.27 6.55
63.12 7.81 16.7 41.28 16.59 70.45
4.77 96.82 23.19 95.3 25.5 72.57
75.97 49.76 41.03 59.32 49.58 2.97
67.55 82.62 15.59 22.61 72.92 63.44
74.96 11.42 7.69 25.3 30.27 83.67
97.75 17.1 31.21 77.96 57.04 28.71
39.76 69.39 42.52 30.58 78.58 34.83
49.72 76.13 33.32 42.74 65.58 75.99
73.53 28.36 25.95 41.45 5.49 77.01
97.21 15.04 80.91 94.93 25.59 97.01
85.67 14.02 59.13 95.33 40.75 33.33
30.69 48.09 86.61 9.06 27.71 34.07
23.67 39.64 35.37 67.76 67.96 77.99
97.6 31.72 61.74 62.06 37.31 12.76
24.05 54.52 42.79 65.27 27.94 90.09
46.94 0.52 66.5 88.3 70.25 9.92
19.46 0.8 73.23 42.76 4.29 34.25
32.2 25.31 37.97 12.02 23.17 10.36
98.72 36.26 5.94 82.52 98.32 10.63
38.75 44.33 33.17 13.95 16.89 49.48
55.42 83.54 69.34 42.13 60.31 7.8
5.43 2.66 12.82 94.94 35.27 6.25
5.37 47.52 9.48 44.5 83.69 84.56
1.74 8.28 52.62 77.56 97.67 94.01
34.17 43.03 4.1 30.54 82.89 35.49
60.9 69.55 37.04 39.91 5.34 75.65
66.65 31.64 11.23 88.35 73.95 52.18
57.64 34.05 70.29 62.8 35.22 7.83
98.67 98.07 49.88 16.23 99.53 14.37
77.11 0.47 88.15 58.62 35.14 88.95
68.21 58.64 86.04 60.91 55.78 23.74
43.07 19.0 58.58 18.77 56.96 48.06
34.87 91.83 53.16 35.75 56.22 16.19
16.14 23.33 55.99 13.52 75.19 73.9
70.87 3.95 58.58 96.74 79.71 40.58
17.37 40.12 4.19 35.7 53.84 90.92
87.93 79.16 38.05 31.99 95.61 38.4
10.34 18.93 99.46 49.97 9.17 63.5
79.66 18.5 9.26 60.26 18.28 94.35
82.42 88.17 51.53 6.18 30.53 93.75
69.89 90.35 85.19 15.52 15.82 94.42
76.55 7.85 4.55 91.89 19.08 85.86
54.7 55.46 4.1 7.31 45.49 70.1
41.53 69.14 20.6 21.35 8.26 15.21
42.34 7.53 83.97 59.92 51.55 69.46
24.51 85.45 21.96 22.33 97.52 46.84
98.37 16.37 30.13 56.09 56.48 14.77
95.36 54.15 97.68 49.35 70.53 91.92
84.37 84.96 49.87 73.22 89.2 42.44
14.56 5.98 52.42 40.81 42.06 95.77
72.65 35.96 85.61 1.71 38.08 73.61
85.1 91.22 25.0 99.41 79.97 13.82
76.65 46.12 21.54 57.48 53.9 67.17
23.62 55.75 99.28 5.63 57.8 92.73
69.83 17.77 49.92 59.64 77.61 8.41
68.92 89.71 88.76 19.08 0.38 34.88
63.95 43.8 28.73 4.15 73.82 70.5
28.45 6.54 83.61 9.41 53.25 85.5
2.5 31.34 44.03 61.43 66.76 12.88
67.3 44.3 21.03 29.44 55.41 15.41
33.43 28.42 12.96 74.54 83.27 7.0
70.08 98.09 61.07 36.57 19.87 69.89
48.4 88.77 63.74 84.18 33.65 56.47
6.27 99.43 87.56 74.73 75.57 65.15
60.83 24.63 4.76 5.4 77.65 0.54
54.45 44.66 67.2 59.53 11.25 90.23
52.86 90.83 95.98 93.11 77.07 78.76
24.44 85.86 54.01 56.65 24.52 49.14
28.76 39.23 90.5 82.91 26.76 17.17
9.12 59.82 65.54 22.84 56.3 81.78
62.35 11.42 22.57 67.31 65.66 98.63
62.66 53.22 43.58 2.85 10.4 4.86
70.45 59.95 63.25 85.43 6.7 4.68
71.99 82.76 53.12 9.72 96.99 47.88
99.84 5.84 20.04 1.42 18.42 67.61
16.05 54.81 28.87 17.24 38.82 50.59
91.92 59.41 83.65 80.72 73.16 96.55
26.72 52.47 46.94 50.52 91.65 94.69
64.2 32.33 46.02 52.74 23.86 16.56
92.05 33.54 96.05 45.57 24.55 80.7
60.04 79.54 19.88 99.28 74.11 7.79
26.9 20.14 65.82 45.84 99.54 27.99
41.73 94.28 86.85 53.23 24.57 63.11
81.93 20.74 37.13 31.42 92.04 28.62
38.59 61.32 72.27 25.6 28.36 95.09
39.28 1.7 28.27 89.66 80.51 20.54
50.45 31.72 81.73 5.21 45.07 34.14
99.23 93.43 21.87 56.19 40.45 6.6
76.62 85.51 63.34 59.53 61.58 4.04
32.63 60.83 8.37 50.62 92.48 14.42
65.41 28.78 42.63 16.13 70.34 66.66
21.12 84.44 11.4 20.34 35.87 59.91
18.73 23.58 27.75 84.92 41.72 32.06
29.05 50.36 27.89 54.88 98.39 83.96
87.27 80.13 15.98 84.4 49.15 4.69
9.33 27.75 46.41 68.24 26.48 92.74
82.53 67.16 62.24 95.44 88.79 25.31
41.19 24.45 93.18 2.47 21.56 23.85
10.7 12.01 84.08 49.87 60.22 16.89
11.15 9.85 54.43 10.59 58.82 80.59
66.77 15.3 77.06 15.87 37.62 83.87
63.39 63.43 45.57 32.32 13.85 1.8
62.13 89.01 17.82 54.41 82.52 90.44
20.38 57.14 66.94 91.53 96.67 82.97
83.33 67.42 30.44 93.92 95.59 46.4
25.54 41.4 26.15 55.38 41.78 24.67
42.26 14.92 60.48 73.62 54.43 22.01
22.18 19.07 53.39 87.11 56.36 34.62
44.64 64.09 15.21 84.41 34.71 16.67
59.01 24.68 84.61 85.93 38.95 26.68
63.02 73.01 91.15 22.36 63.21 24.7
79.41 9.16 55.42 68.81 17.33 50.92
41.06 69.68 14.38 28.27 18.68 97.87
68.02 2.63 17.51 13.54 87.03 39.0
78.07 81.9 10.52 65.55 8.6 29.91
87.7 99.72 18.57 96.05 44.54 27.22
6.52 19.99 36.53 86.04 50.23 11.57
10.42 10.62 85.72 3.65 25.52 86.39
59.19 95.49 46.16 6.03 16.88 13.34
9.56 74.58 62.38 94.33 93.15 32.01
50.1 85.26 93.49 76.95 56.63 91.69
93.93 11.28 50.45 72.77 15.31 85.12
25.61 6.21 9.96 73.21 37.85 87.13
55.45 79.81 61.39 71.71 20.71 43.49
74.78 65.55 67.15 4.11 72.51 89.48
83.63 37.24 79.79 88.92 72.85 8.9
69.58 68.45 98.95 70.51 74.22 92.57
82.09 58.4 3.18 83.91 31.87 88.85
2.7 95.94 3.81 87.97 52.04 19.62
71.06 77.22 30.27 47.84 74.05 17.77
79.63 43.3 67.13 62.16 15.08 95.27
6.1 56.42 16.7 15.47 96.04 96.59
66.79 69.01 44.47 6.96 91.19 67.45
26.03 76.87 3.39 41.93 96.46 32.69
46.89 12.95 50.71 1.18 65.46 23.89
36.62 11.09 20.7 29.25 45.22 2.92
22.33 14.2 39.21 84.16 34.64 28.26
55.24 7.62 64.16 36.14 19.81 35.96
34.3 79.04 99.76 8.05 41.25 34.08
44.81 72.17 13.91 24.1 93.69 98.39
80.58 99.57 96.57 47.02 1.54 60.92
46.56 85.81 27.43 6.3 47.37 52.76
54.06 50.08 28.13 79.68 44.52 66.79
56.44 41.32 35.52 93.92 60.89 93.45
88.79 74.9 40.23 57.42 88.55 60.36
26.89 2.63 22.54 71.03 24.86 98.39
59.5 34.47 86.27 79.8 69.16 29.97
69.54 80.19 30.44 79.3 85.41 63.88
12.99 45.68 63.0 69.89 33.23 71.59
91.81 83.09 36.92 45.98 0.99 10.32
97.08 28.01 46.03 82.77 76.43 8.06
59.22 93.04 20.34 43.85 33.66 83.39
14.02 26.75 85.66 51.26 89.6 47.02
22.68 91.5 45.02 50.68 22.87 4.53
65.95 15.14 21.32 16.88 67.14 68.88
91.47 26.0 52.92 37.18 91.69 15.1
86.8 10.56 29.04 26.33 79.94 93.47
49.78 35.57 71.89 67.46 62.18 34.71
41.28 60.55 3.08 28.28 40.59 67.99
88.36 25.42 98.57 81.44 51.98 56.57
4.48 30.45 85.99 45.3 59.74 43.48
70.07 16.8 43.03 66.89 62.3 99.66
73.61 60.34 62.46 55.24 90.77 66.58
66.19 43.77 35.16 60.25 66.18 60.42
63.92 10.76 66.2 63.14 94.6 80.59
95.46 95.55 16.37 56.7 14.46 87.37
99.01 9.5 99.27 27.24 67.25 51.0
14.58 25.12 46.72 27.5 75.21 39.9
92.59 87.44 50.27 96.71 2.71 88.55
22.15 73.32 47.92 99.09 79.94 78.71
35.47 7.3 59.14 0.22 32.81 66.71
62.05 0.11 98.72 12.98 98.44 46.66
37.62 43.75 86.71 37.89 98.86 22.62
6.87 28.11 6.38 62.86 62.92 71.52
39.34 70.28 27.2 22.7 62.27 37.15
25.26 60.14 19.67 51.39 85.04 80.0
49.85 97.15 56.53 56.26 6.34 69.15
55.12 72.28 35.31 49.76 4.16 51.1
82.5 41.15 17.66 18.0 9.17 41.64
17.34 87.64 32.64 6.1 0.07 46.0
9.73 14.26 29.81 40.06 34.35 9.13
31.57 28.36 75.11 48.35 11.87 54.95
72.65 4.04 32.41 95.22 59.05 24.41
34.73 1.65 27.75 37.61 34.86 12.69
62.49 34.02 25.56 15.03 67.86 58.06
98.18 98.76 35.49 89.51 16.25 27.26
77.72 62.7 20.28 34.08 67.24 55.82
94.74 89.92 86.55 81.68 17.93 8.16
65.57 72.0 15.49 81.95 89.75 3.85
28.14 85.66 92.36 86.85 73.97 36.03
96.98 29.85 92.44 51.63 6.21 16.55
73.33 45.57 66.76 98.22 81.03 96.85
56.92 38.53 49.9 38.71 2.96 43.41
18.43 33.43 80.88 96.23 54.85 64.58
21.18 81.58 86.69 87.8 91.65 9.23
46.42 6.49 2.37 40.8 89.81 27.83
90.44 21.14 38.02 22.71 21.36 82.36
75.09 44.41 24.68 40.14 80.68 88.64
60.38 87.48 9.78 1.79 3.9 8.9
82.42 62.51 76.5 76.42 60.01 21.45
21.18 48.79 81.55 1.54 1.92 17.22
17.89 17.93 56.9 59.85 31.87 30.55
6.06 3.49 59.12 69.89 18.75 89.1
86.92 67.21 63.15 0.26 4.5 14.54
38.57 34.55 92.37 25.79 17.22 54.18
30.56 34.75 81.25 75.83 58.27 16.9
6.78 78.43 75.71 92.86 36.78 99.23
39.07 94.84 16.78 47.55 27.79 44.95
59.77 81.04 14.92 12.05 18.49 96.31
10.47 19.26 54.83 38.45 9.25 48.88
84.3 49.78 1.13 57.33 87.72 9.3
2.75 6.35 20.18 75.24 99.58 73.32
70.29 11.25 56.75 38.99 85.56 71.75
74.13 3.33 41.21 90.38 15.43 10.61
80.0 12.76 85.21 69.74 33.97 44.84
25.81 86.72 13.89 38.79 69.55 9.7
52.57 35.11 84.99 51.04 17.54 16.06
43.42 97.95 66.36 88.08 87.82 80.23
21.18 56.51 90.98 69.91 33.28 26.67
72.52 88.81 70.12 22.3 26.83 15.0
94.33 51.84 6.41 71.26 53.31 23.94
54.93 8.61 97.2 0.75 37.53 75.6
7.57 60.7 11.55 59.08 36.05 58.11
71.41 68.92 96.32 97.56 59.14 55.23
33.17 62.55 67.13 58.89 17.67 22.09
36.84 63.85 98.22 69.83 90.6 47.96
38.1 70.76 78.01 62.1 82.67 35.66
93.08 9.54 38.61 8.24 5.87 90.06
0.16 37.33 22.69 81.95 47.43 67.14
38.2 1.4 32.66 72.46 30.74 63.68
30.47 52.64 8.27 2.35 29.54 23.34
35.16 68.88 45.34 63.76 91.06 53.01
20.38 58.29 85.76 47.2 51.85 63.33
72.71 58.93 92.7 8.81 81.96 47.51
12.51 8.71 10.65 98.8 41.3 87.92
25.15 61.79 14.19 62.85 90.63 15.79
3.44 34.05 4.25 33.79 7.15 21.29
38.05 29.61 2.04 26.6 77.5 85.82
48.33 37.9 68.93 50.27 60.91 78.91
50.82 82.5 59.01 78.98 6.66 48.49
42.64 16.05 40.01 69.2 34.48 46.18
79.27 22.22 63.73 10.83 50.38 15.09
92.06 64.3 34.24 74.42 1.96 17.69
72.77 71.62 4.88 30.23 19.98 90.13
48.27 80.76 6.78 92.15 54.55 88.26
55.94 45.72 14.41 4.5 11.49 70.73
99.12 41.04 24.94 82.95 57.35 22.28
88.7 10.03 70.18 0.02 56.39 49.6
63.71 95.69 11.41 91.03 78.88 41.29
78.38 23.49 85.54 37.75 33.25 95.24
89.94 12.15 53.18 69.5 36.55 71.74
21.88 17.83 7.32 0.28 22.07 90.24
74.48 79.42 1.65 14.49 46.87 58.12
91.03 84.76 30.82 79.64 50.65 95.09
29.89 79.36 53.2 13.72 51.39 80.48
14.72 49.94 36.95 77.82 49.29 79.57
72.79 80.87 7.21 57.88 66.22 63.33
19.6 72.51 41.64 67.33 46.31 55.65
38.98 75.77 88.08 52.14 21.69 90.8
9.14 69.49 88.14 25.49 79.74 72.93
12.21 55.97 40.43 49.18 55.67 23.43
45.81 58.99 64.75 7.93 86.87 53.34
43.03 68.81 78.34 51.06 67.66 90.01
13.45 79.32 90.59 18.06 83.09 20.82
30.54 33.49 12.68 42.86 7.83 69.45
79.38 93.86 10.43 95.09 10.99 18.61
40.58 81.61 49.94 16.0 0.48 96.48
54.81 36.33 7.46 67.11 7.44 27.74
79.02 98.99 40.28 35.52 56.55 94.34
2.84 87.38 72.68 25.62 67.31 11.48
59.26 58.55 45.86 55.61 83.56 53.22
0.14 67.48 38.31 98.17 61.72 36.92
0.31 41.91 52.89 49.85 63.29 49.91
31.48 16.74 17.78 54.95 61.18 83.48
72.15 2.83 31.58 40.36 24.85 70.27
63.8 40.54 49.98 16.42 90.47 99.23
47.56 79.94 8.26 23.58 9.29 67.83
62.55 58.03 75.33 8.14 27.08 71.58
68.98 31.27 8.72 71.68 88.32 32.95
71.76 96.58 40.0 86.52 51.74 2.15
78.17 39.65 60.21 6.76 4.91 96.23
30.98 80.66 28.54 19.53 32.6 16.93
